01011000000000000000000000000001
01001000000110000000000000000000
00011000000100000100000000000111
01001100000000000000000001101010
00011000000100000100000000000001
00101100000101111100000000000000
00011000000100000100000000000001
00101100000100001000000000000000
01001000000100001000000000000000
00100000001011010000000000000100
00100000001011010100000000000110
00011000000100000100000000000001
00101100000111111100000000000000
01001000000100010100000000000000
01001011010000011000000000000000
00000010000000011000100000000011
00100000100000011100000000000000
00101100010100011100000000000000
01001011010000011100000000000000
01001011010100100000000000000000
00000010000000100000101000000011
00100000101000100100000000000000
00000010000000011100101000000011
00101100101000100100000000000000
01001011010100100100000000000000
00100000010100101000000000000000
00000010000000100100101100000011
00101100101100101000000000000000
01001000001000000100000000000000
00100000000100001000000000000000
00010100000100000100000000000001
00100000000101111100000000000000
00010100000100000100000000000001
00001000000001111100000000001001
00011000000100000100000000000001
00101100000101111100000000000000
00011000000100000100000000000001
00101100000100001000000000000000
01001000000100001000000000000000
00100000001011010000000000000100
00011000000100000100000000000001
00101100000111111100000000000000
01001000000100010100000000000000
00011000000100000100000000000001
00101100000111111100000000000000
01001000000100011000000000000000
00011100000000100000000000000000
00101100010100100000000000000000
00100000010100011100000000000000
01001011010000100000000000000000
00011100000000101000000000000001
00000000100000101000100100000011
00110100011100100100000000110110
01001100000000000000000001100100
00011100000000100100000000000000
00101100011000100100000000000000
00100000011000011100000000000000
01001011010000100100000000000000
00100000010100101000000000000000
00000000100100101000101100000011
00011100000000101000000000000001
00000000101100101000100100000011
00110100011100100100000001000000
01001100000000000000000001011111
00100000011000011100000000000000
00000010000000011100101100000011
00100000101100100100000000000000
00100000011000101100000000000000
00011100000000110100000000000001
00000000101100110100110000000010
00000010000000110000110100000011
00100000110100101100000000000000
01100000100100101100000001011010
00011000000100000100000000000010
00100000011010111000000000000000
00101100000110111000000000000000
00100000011000111100000000000000
00011100000001000100000000000001
00000000111101000101000000000010
01001001000010111100000000000000
00101100000110111100000000000010
01010000000000000000000000000100
00010100000100000100000000000010
00100000001011010000000000000100
01001000001011111000000000000000
00011011111011111000000000000001
01001011111000010100000000000000
00011011111011111000000000000001
01001011111000011000000000000000
01001100000000000000000001011010
00100000011000100100000000000000
00011100000000101100000000000001
00000000100100101100111100000010
00101100011000111100000000000000
01001100000000000000000000111000
00100000010100100100000000000000
00011100000000111100000000000001
00000000100100111100101100000010
00101100010100101100000000000000
01001100000000000000000000110000
01001000001000000100000000000000
00100000000100001000000000000000
00010100000100000100000000000001
00100000000101111100000000000000
00010100000100000100000000000001
00001000000001111100000000001001
00011000000100000100000000000001
00101100000101111100000000000000
00011000000100000100000000000001
00101100000100001000000000000000
01001000000100001000000000000000
00011000000100000100000000000001
00101100000111111100000000000000
01001000000100010100000000000000
00011100000000011100000000000000
00011100000000100000000000000111
00000010000000011100011000000011
00101100011000100000000000000000
00011100000000100000000000000001
00011100000000100100000000000010
00000010000000100000011000000011
00101100011000100100000000000000
00011100000000100100000000000010
00011100000000101000000000000001
00000010000000100100011000000011
00101100011000101000000000000000
00011100000000101000000000000011
00011100000000101100000000000110
00000010000000101000011000000011
00101100011000101100000000000000
00011100000000011000000000000100
00011100000000101100000000001000
00000010000000011000010000000011
00101100010000101100000000000000
00011100000000101100000000000101
00011100000000110000000000000101
00000010000000101100010000000011
00101100010000110000000000000000
00011100000000110000000000000110
00011100000000110100000000000011
00000010000000110000010000000011
00101100010000110100000000000000
00011000000100000100000000000001
00011100000010111000000000000111
00101100000110111000000000000000
01010000000000000000000000100010
00010100000100000100000000000001
01001000001011111000000000000000
00011011111011111000000000000001
01001011111000010100000000000000
00011100000000111100000000000000
00101100010100111100000000000000
00100000010100100100000000000000
00011100000000101100000000000111
00110100100100101100000010011100
01001100000000000000000010100111
00100000010100100100000000000000
00000010000000100100110100000011
00100000110100101100000000000000
01001000101110111000000000000000
01001010111000000000000000000000
01000100000000000000000000000000
00100000010100111100000000000000
00011100000001000000000000000001
00000000111101000000111000000010
00101100010100111000000000000000
01001100000000000000000010011000
01010100000000000000000000000000