01011000000000000000000000000001
01001000000110000000000000000000
00011000000100000100000000001000
01001100000000000000000001001001
00011000000100000100000000000001
00101100000101111100000000000000
00011000000100000100000000000001
00101100000100001000000000000000
01001000000100001000000000000000
00100000001011010000000000000100
00100000001011010100000000000110
00011000000100000100000000000001
00101100000111111100000000000000
01001000000100010100000000000000
00011000000100000100000000000001
00101100000111111100000000000000
01001000000100011000000000000000
00011000000100000100000000000001
00101100000111111100000000000000
01001000000100011100000000000000
00011100000000100100000000000000
00101100010100100100000000000000
01001011010100100000000000000000
00011100000000101000000000000001
00000000100000101000100100000011
00101100011000100100000000000000
00100000010100100000000000000000
00100000011000100100000000000000
01100000100000100100000000011110
01001100000000000000000001000001
00100000010100100000000000000000
00100000011000100100000000000000
00000000100000100100101100000010
00011100000000100100000000000010
00000000101100100100100000000101
00101100011100100000000000000000
01001011010000100000000000000000
00100000011100100100000000000000
00000010000000100100110000000011
00100000110000101100000000000000
01011100100000101100000000101110
00100000011100110100000000000000
00011100000000111100000000000001
00000000110100111100111000000011
00101100011000111000000000000000
01001100000000000000000001000000
01001011010000100000000000000000
00100000011100101100000000000000
00000010000000101100111000000011
00100000111000110100000000000000
01100000100000110100000000111000
00100000011100111100000000000000
00011100000001000100000000000001
00000000111101000101000000000010
00101100010101000000000000000000
01001100000000000000000001000000
00100000011100100000000000000000
01001000100010110100000000000000
01001000001000000100000000000000
00100000000100001000000000000000
00010100000100000100000000000001
00100000000101111100000000000000
00010100000100000100000000000001
00001000000001111100000000001001
01001100000000000000000000011010
01001011010100100000000000000000
01001000100010110100000000000000
01001000001000000100000000000000
00100000000100001000000000000000
00010100000100000100000000000001
00100000000101111100000000000000
00010100000100000100000000000001
00001000000001111100000000001001
00011000000100000100000000000001
00101100000101111100000000000000
00011000000100000100000000000001
00101100000100001000000000000000
01001000000100001000000000000000
00011100000000010100000000000000
00011100000000011000000000001010
00000010000000010100010000000011
00101100010000011000000000000000
00011100000000011000000000000001
00011100000000011100000000010100
00000010000000011000010000000011
00101100010000011100000000000000
00011100000000011100000000000010
00011100000000100000000000011110
00000010000000011100010000000011
00101100010000100000000000000000
00011100000000100000000000000011
00011100000000100100000000101000
00000010000000100000010000000011
00101100010000100100000000000000
00011100000000100100000000000100
00011100000000101000000000110010
00000010000000100100010000000011
00101100010000101000000000000000
00011100000000101000000000000101
00011100000000101100000000111100
00000010000000101000010000000011
00101100010000101100000000000000
00011100000000101100000000000110
00011100000000110000000001000110
00000010000000101100010000000011
00101100010000110000000000000000
00011100000000110000000000000111
00011100000000110100000001010000
00000010000000110000010000000011
00101100010000110100000000000000
00011000000100000100000000000010
00011100000010111000000001000110
00101100000110111000000000000000
00011100000010111100000000001000
00101100000110111100000000000010
01010000000000000000000000000100
00010100000100000100000000000010
01001010110101000100000000000000
01001001000110111000000000000000
01001010111000000000000000000000
01000100000000000000000000000000
01010100000000000000000000000000