01011000000000000000000000000001
01001100000000000000000000101111
00011000000100000100000000000001
00101100000101111100000000000000
00011000000100000100000000000001
00101100000100001000000000000000
01001000000100001000000000000000
00100000001011010000000000000100
01001011010000010000000000000000
00011100000000011000000000000001
00111000010000011000000000010011
01001011010000011100000000000000
01001000011110110100000000000000
01001000001000000100000000000000
00100000000100001000000000000000
00010100000100000100000000000001
00100000000101111100000000000000
00010100000100000100000000000001
00001000000001111100000000001001
01001011010000010000000000000000
00011100000000100000000000000001
00000000010000100000011000000011
00011000000100000100000000000001
01001000011010111000000000000000
00101100000110111000000000000000
01010000000000000000000000000010
00010100000100000100000000000001
00100000001011010000000000000100
01001010110100100100000000000000
01001011010000101000000000000000
00011100000000110000000000000010
00000000101000110000101100000011
00011000000100000100000000000001
01001000101110111000000000000000
00101100000110111000000000000000
01010000000000000000000000000010
00010100000100000100000000000001
00100000001011010000000000000100
01001010110100101000000000000000
00000000100100101000110000000010
01001000110010110100000000000000
01001000001000000100000000000000
00100000000100001000000000000000
00010100000100000100000000000001
00100000000101111100000000000000
00010100000100000100000000000001
00001000000001111100000000001001
00011000000100000100000000000001
00101100000101111100000000000000
00011000000100000100000000000001
00101100000100001000000000000000
01001000000100001000000000000000
00011000000100000100000000000001
00101100000111111100000000000000
01001000000100010100000000000000
01000000000000001100000000000000
01001000001100011100000000000000
00101100010100011100000000000000
00011000000100000100000000000001
00100000010110111000000000000000
00101100000110111000000000000000
01010000000000000000000000000010
00010100000100000100000000000001
01001000001011111000000000000000
00011011111011111000000000000001
01001011111000010100000000000000
01001010110100100000000000000000
01001000100010111000000000000000
01001010111000000000000000000000
01000100000000000000000000000000
01010100000000000000000000000000