01011000000000000000000000000001
01001000000110000000000000000000
00011000000100000100000000000101
01001100000000000000000000111010
00011000000100000100000000000001
00101100000101111100000000000000
00011000000100000100000000000001
00101100000100001000000000000000
01001000000100001000000000000000
00100000001011010000000000000100
00011000000100000100000000000001
00101100000111111100000000000000
01001000000100010100000000000000
00011000000100000100000000000001
00101100000111111100000000000000
01001000000100011000000000000000
00011000000100000100000000000001
00101100000111111100000000000000
01001000000100011100000000000000
00011100000000100100000000000000
00101100010100100100000000000000
01001011010000100000000000000000
00011100000000101000000000000001
00000000100000101000100100000011
00101100011000100100000000000000
00100000010100100000000000000000
00100000011000100100000000000000
00110100100000100100000000011101
01001100000000000000000000110100
00100000010100100000000000000000
00000010000000100000101100000011
00100000101100100100000000000000
00101100011100100100000000000000
00100000010100100100000000000000
00100000011000101100000000000000
00000010000000101100110100000011
00100000110100110000000000000000
00000010000000100100110100000011
00101100110100110000000000000000
00100000011000110000000000000000
00100000011100110100000000000000
00000010000000110000111000000011
00101100111000110100000000000000
00100000010100110100000000000000
00011100000000111100000000000001
00000000110100111100111000000010
00101100010100111000000000000000
00100000011000110100000000000000
00011100000000111100000000000001
00000000110100111100111000000011
00101100011000111000000000000000
01001100000000000000000000011001
01001000001000000100000000000000
00100000000100001000000000000000
00010100000100000100000000000001
00100000000101111100000000000000
00010100000100000100000000000001
00001000000001111100000000001001
00011000000100000100000000000001
00101100000101111100000000000000
00011000000100000100000000000001
00101100000100001000000000000000
01001000000100001000000000000000
00011000000100000100000000000001
00101100000111111100000000000000
01001000000100010100000000000000
00011100000000011100000000000000
00011100000000100000000000001010
00000010000000011100011000000011
00101100011000100000000000000000
00011100000000100000000000000001
00011100000000100100000000010100
00000010000000100000011000000011
00101100011000100100000000000000
00011100000000100100000000000010
00011100000000101000000000011110
00000010000000100100011000000011
00101100011000101000000000000000
00011100000000101000000000000011
00011100000000101100000000101000
00000010000000101000011000000011
00101100011000101100000000000000
00011100000000011000000000000100
00011100000000101100000000110010
00000010000000011000010000000011
00101100010000101100000000000000
00011000000100000100000000000001
00011100000010111000000000000101
00101100000110111000000000000000
01010000000000000000000000000100
00010100000100000100000000000001
01001000001011111000000000000000
00011011111011111000000000000001
01001011111000010100000000000000
00011100000000110100000000000000
00101100010100110100000000000000
00100000010100100000000000000000
00011100000000100100000000000101
00110100100000100100000001100100
01001100000000000000000001101111
00100000010100100000000000000000
00000010000000100000101100000011
00100000101100100100000000000000
01001000100110111000000000000000
01001010111000000000000000000000
01000100000000000000000000000000
00100000010100110100000000000000
00011100000000111000000000000001
00000000110100111000110000000010
00101100010100110000000000000000
01001100000000000000000001100000
01010100000000000000000000000000