01011000000000000000000000000001
01001100000000000000000000100011
00011000000100000100000000000001
00101100000101111100000000000000
00011000000100000100000000000001
00101100000100001000000000000000
01001000000100001000000000000000
00100000001011010000000000000100
00100000001011010100000000000110
00011000000100000100000000000001
00101100000111111100000000000000
01001000000100010100000000000000
00011100000000011100000000000001
00101100010100011100000000000000
01001011010100011000000000000000
00011100000000100000000000000000
00111000011000100000000000010010
01001100000000000000000000011011
00100000010100011000000000000000
01001011010000100000000000000000
00000000011000100000100100000100
00101100010100100100000000000000
01001011010100011000000000000000
00011100000000100100000000000001
00000000011000100100100000000011
01001000100011010100000000000000
01001100000000000000000000001110
00100000010100011000000000000000
01001000011010110100000000000000
01001000001000000100000000000000
00100000000100001000000000000000
00010100000100000100000000000001
00100000000101111100000000000000
00010100000100000100000000000001
00001000000001111100000000001001
00011000000100000100000000000001
00101100000101111100000000000000
00011000000100000100000000000001
00101100000100001000000000000000
01001000000100001000000000000000
00011000000100000100000000000010
00011100000010111000000000000010
00101100000110111000000000000000
00011100000010111100000000001010
00101100000110111100000000000010
01010000000000000000000000000010
00010100000100000100000000000010
01001010110100100000000000000000
01001000100010111000000000000000
01001010111000000000000000000000
01000100000000000000000000000000
01010100000000000000000000000000