01011000000000000000000000000001
01001100000000000000000000111100
00011000000100000100000000000001
00101100000101111100000000000000
00011000000100000100000000000001
00101100000100001000000000000000
01001000000100001000000000000000
00100000001011010000000000000100
00011000000100000100000000000001
00101100000111111100000000000000
01001000000100010100000000000000
01001011010000011000000000000000
00011100000000100000000000000001
00111000011000100000000000010110
00011100000000101000000000000000
01001000101010110100000000000000
01001000001000000100000000000000
00100000000100001000000000000000
00010100000100000100000000000001
00100000000101111100000000000000
00010100000100000100000000000001
00001000000001111100000000001001
00011100000000100000000000000010
00101100010100100000000000000000
00100000010100011000000000000000
00100000010100100000000000000000
00000000011000100000100100000100
01001011010000011000000000000000
01100000100100011000000000011110
01001100000000000000000000110100
01001011010000011000000000000000
01001011010000100100000000000000
00100000010100101100000000000000
00000000100100101100110000000101
00100000010100100100000000000000
00000000110000100100101100000100
00000000011000101100100100000011
00011100000000101100000000000000
00111100100100101100000000101111
00011100000000110100000000000000
01001000110110110100000000000000
01001000001000000100000000000000
00100000000100001000000000000000
00010100000100000100000000000001
00100000000101111100000000000000
00010100000100000100000000000001
00001000000001111100000000001001
00100000010100100100000000000000
00011100000000110000000000000001
00000000100100110000101100000010
00101100010100101100000000000000
01001100000000000000000000011000
00011100000000101100000000000001
01001000101110110100000000000000
01001000001000000100000000000000
00100000000100001000000000000000
00010100000100000100000000000001
00100000000101111100000000000000
00010100000100000100000000000001
00001000000001111100000000001001
00011000000100000100000000000001
00101100000101111100000000000000
00011000000100000100000000000001
00101100000100001000000000000000
01001000000100001000000000000000
00011000000100000100000000000001
00101100000111111100000000000000
01001000000100010100000000000000
01000000000000001100000000000000
01001000001100011100000000000000
00101100010100011100000000000000
00011000000100000100000000000001
00100000010110111000000000000000
00101100000110111000000000000000
01010000000000000000000000000010
00010100000100000100000000000001
01001000001011111000000000000000
00011011111011111000000000000001
01001011111000010100000000000000
01001010110100100000000000000000
01001000100010111000000000000000
01001010111000000000000000000000
01000100000000000000000000000000
01010100000000000000000000000000