01011000000000000000000000000001
01001000000110000000000000000000
00011000000100000100000000000101
01001100000000000000000000101011
00011000000100000100000000000001
00101100000101111100000000000000
00011000000100000100000000000001
00101100000100001000000000000000
01001000000100001000000000000000
00100000001011010000000000000100
00011000000100000100000000000001
00101100000111111100000000000000
01001000000100010100000000000000
00011000000100000100000000000001
00101100000111111100000000000000
01001000000100011000000000000000
00011100000000100000000000000000
00101100011000100000000000000000
00011100000000100000000000000000
00101100010100100000000000000000
00100000010100011100000000000000
01001011010000100000000000000000
00110100011100100000000000011000
01001100000000000000000000100011
00100000011000011100000000000000
00100000010100100000000000000000
00000010000000100000101100000011
00100000101100101000000000000000
00000000011100101000101100000010
00101100011000101100000000000000
00100000010100011100000000000000
00011100000000101100000000000001
00000000011100101100101000000010
00101100010100101000000000000000
01001100000000000000000000010100
00100000011000011100000000000000
01001000011110110100000000000000
01001000001000000100000000000000
00100000000100001000000000000000
00010100000100000100000000000001
00100000000101111100000000000000
00010100000100000100000000000001
00001000000001111100000000001001
00011000000100000100000000000001
00101100000101111100000000000000
00011000000100000100000000000001
00101100000100001000000000000000
01001000000100001000000000000000
00011100000000010100000000000000
00011100000000011000000000001010
00000010000000010100010000000011
00101100010000011000000000000000
00011100000000011000000000000001
00011100000000011100000000010100
00000010000000011000010000000011
00101100010000011100000000000000
00011100000000011100000000000010
00011100000000100000000000000101
00000010000000011100010000000011
00101100010000100000000000000000
00011100000000100000000000000011
00011100000000100100000000000010
00000010000000100000010000000011
00101100010000100100000000000000
00011100000000100100000000000100
00011100000000101000000000000011
00000010000000100100010000000011
00101100010000101000000000000000
00011000000100000100000000000001
00011100000010111000000000000101
00101100000110111000000000000000
01010000000000000000000000000100
00010100000100000100000000000001
01001010110100110000000000000000
01001000110010111000000000000000
01001010111000000000000000000000
01000100000000000000000000000000
01010100000000000000000000000000