01011000000000000000000000000001
01001000000110000000000000000000
00011000000100000100000000000011
01001100000000000000000010000011
00011000000100000100000000000001
00101100000101111100000000000000
00011000000100000100000000000001
00101100000100001000000000000000
01001000000100001000000000000000
00100000001011010000000000000100
00100000001011010100000000000110
00100000001011011000000000001000
00011000000100000100000000000001
00101100000111111100000000000000
01001000000100010100000000000000
00011000000100000100000000000001
00101100000111111100000000000000
01001000000100011000000000000000
00011000000100000100000000000001
00101100000111111100000000000000
01001000000100011100000000000000
01001011010100100000000000000000
00101100011100100000000000000000
01001011010100100000000000000000
00000011010000100000101000000011
00100000101000100100000000000000
00101100011000100100000000000000
01001011010100100100000000000000
00011100000000101100000000000001
00000000100100101100101000000010
00101100010100101000000000000000
00100000010100100100000000000000
01001011011000101000000000000000
00110100100100101000000000100011
01001100000000000000000000110100
00100000010100100100000000000000
00000011010000100100110000000011
00100000110000101000000000000000
00100000011000110000000000000000
01011100101000110000000000101111
00100000010100111000000000000000
00000011010000111001000000000011
00100001000000111100000000000000
00101100011000111100000000000000
00100000010100111100000000000000
00101100011100111100000000000000
01001100000000000000000000101111
00100000010100101000000000000000
00011100000000111100000000000001
00000000101000111100110000000010
00101100010100110000000000000000
01001100000000000000000000011111
00100000011100101000000000000000
01001000101010110100000000000000
01001000001000000100000000000000
00100000000100001000000000000000
00010100000100000100000000000001
00100000000101111100000000000000
00010100000100000100000000000001
00001000000001111100000000001001
00011000000100000100000000000001
00101100000101111100000000000000
00011000000100000100000000000001
00101100000100001000000000000000
01001000000100001000000000000000
00100000001011010000000000000100
00100000001011010100000000000110
00100000001011011000000000001000
00011000000100000100000000000001
00101100000111111100000000000000
01001000000100010100000000000000
00011000000100000100000000000001
00101100000111111100000000000000
01001000000100011000000000000000
01001011010100011100000000000000
00101100010100011100000000000000
00100000010100011100000000000000
01001011011000100000000000000000
00011100000000101000000000000001
00000000100000101000100100000011
00110100011100100100000001010010
01001100000000000000000001111101
00011000000100000100000000000001
00101100000111111100000000000000
01001000000100011100000000000000
00011000000100000100000000000011
01001011010010111000000000000000
00101100000110111000000000000000
00100000010110111100000000000000
00101100000110111100000000000010
01001011011011000000000000000000
00101100000111000000000000000100
01010000000000000000000000000100
00010100000100000100000000000011
00100000001011010000000000000100
00100000001011010100000000000110
00100000001011011000000000001000
01001000001011111000000000000000
00011011111011111000000000000001
01001011111000010100000000000000
00011011111011111000000000000001
01001011111000011000000000000000
00011011111011111000000000000001
01001011111000011100000000000000
01001010110100110100000000000000
00101100011000110100000000000000
00100000011000110100000000000000
00000011010000110100111100000011
00100000111100111000000000000000
00101100011100111000000000000000
00100000011000111000000000000000
00100000010100111100000000000000
00000011010000111101000100000011
00100001000101000000000000000000
00000011010000111001000100000011
00101101000101000000000000000000
00100000010101000000000000000000
00100000011101000100000000000000
00000011010001000001001000000011
00101101001001000100000000000000
00100000010101000100000000000000
00011100000001001000000000000001
00000001000101001000101000000010
00101100010100101000000000000000
01001100000000000000000001001100
01001000001000000100000000000000
00100000000100001000000000000000
00010100000100000100000000000001
00100000000101111100000000000000
00010100000100000100000000000001
00001000000001111100000000001001
00011000000100000100000000000001
00101100000101111100000000000000
00011000000100000100000000000001
00101100000100001000000000000000
01001000000100001000000000000000
00011000000100000100000000000001
00101100000111111100000000000000
01001000000100010100000000000000
00011100000000011100000000000000
00101100010100011100000000000000
00100000010100011000000000000000
00011100000000100000000000000011
00110100011000100000000010010001
01001100000000000000000010011011
00100000010100011000000000000000
01000000000000001100000000000000
01001000001100100100000000000000
00000010000000011000101000000011
00101100101000100100000000000000
00100000010100100100000000000000
00011100000000101100000000000001
00000000100100101100101000000010
00101100010100101000000000000000
01001100000000000000000010001101
00011000000100000100000000000011
01001010000010111000000000000000
00101100000110111000000000000000
00011100000010111100000000000000
00101100000110111100000000000010
00011100000011000000000000000011
00101100000111000000000000000100
01010000000000000000000000111100
00010100000100000100000000000011
01001000001011111000000000000000
00011011111011111000000000000001
01001011111000010100000000000000
00011100000000101100000000000000
00101100010100101100000000000000
00100000010100011000000000000000
00011100000000100000000000000011
00110100011000100000000010101101
01001100000000000000000010111000
00100000010100011000000000000000
00000010000000011000101100000011
00100000101100100000000000000000
01001000100010111000000000000000
01001010111000000000000000000000
01000100000000000000000000000000
00100000010100110100000000000000
00011100000000111000000000000001
00000000110100111000110000000010
00101100010100110000000000000000
01001100000000000000000010101001
01010100000000000000000000000000